489	1977
622	1806
146	1733
358	1483
377	1388
634	350
659	323
671	308
988	297
863	291
959	286
910	284
814	254
896	192
565	191
714	162
389	159
697	159
932	156
630	153
693	152
989	144
643	143
976	142
635	141
938	140
785	140
963	128
716	126
353	120
562	115
418	112
690	110
820	110
953	109
897	108
550	107
949	107
196	106
519	105
668	103
937	100
663	99
631	98
501	98
950	93
978	92
824	89
764	88
951	86
673	86
319	83
817	76
751	74
942	73
420	72
230	71
952	67
964	66
308	64
770	63
685	62
991	61
118	60
199	60
926	58
424	58
502	58
672	56
802	55
710	55
360	54
171	52
666	49
921	49
11	48
74	48
19	47
748	45
344	45
259	45
580	43
777	43
957	42
191	41
112	41
986	40
982	40
906	39
586	39
192	39
595	39
994	38
26	38
980	37
406	37
407	34
104	34
567	33
427	33
202	33
172	32
280	32
708	31
367	30
152	30
587	29
37	29
913	28
605	28
955	27
69	26
136	26
753	25
209	25
639	25
582	25
515	25
648	23
829	23
250	23
684	23
621	22
481	22
128	22
426	21
381	21
87	20
342	20
499	20
974	19
423	19
383	19
506	18
517	18
851	18
806	18
606	17
669	17
852	16
848	16
608	16
941	16
791	16
686	16
247	15
289	15
411	15
147	15
584	14
357	14
210	13
947	13
766	12
213	12
703	12
653	12
421	12
91	11
958	11
877	11
823	11
523	11
871	11
707	10
163	10
180	9
30	9
472	9
807	9
647	9
72	9
549	9
451	9
849	9
699	8
431	8
840	8
94	7
283	7
241	7
492	7
93	7
442	7
245	7
801	6
369	6
813	6
722	6
654	6
830	6
822	5
415	5
899	5
222	5
797	5
527	5
354	5
761	4
500	3
917	3
333	2
600	2
854	2
534	2
307	2
17	1
652	1
86	1
{"937": 100, "146": 1733, "489": 1977, "634": 350, "863": 291, "668": 103, "932": 156, "622": 1806, "950": 93, "710": 55, "910": 284, "785": 140, "820": 110, "37": 29, "358": 1483, "377": 1388, "565": 191, "978": 92, "502": 58, "938": 140, "976": 142, "418": 112, "989": 144, "424": 58, "515": 25, "353": 120, "499": 20, "817": 76, "630": 153, "420": 72, "714": 162, "693": 152, "896": 192, "949": 107, "959": 286, "659": 323, "673": 86, "777": 43, "955": 27, "697": 159, "871": 11, "523": 11, "951": 86, "147": 15, "947": 13, "982": 40, "823": 11, "411": 15, "952": 67, "501": 98, "926": 58, "897": 108, "671": 308, "770": 63, "802": 55, "716": 126, "421": 12, "814": 254, "663": 99, "202": 33, "26": 38, "988": 297, "942": 73, "595": 39, "342": 20, "824": 89, "669": 17, "308": 64, "389": 159, "196": 106, "128": 22, "406": 37, "582": 25, "199": 60, "764": 88, "994": 38, "631": 98, "383": 19, "672": 56, "245": 7, "442": 7, "259": 45, "210": 13, "639": 25, "963": 128, "806": 18, "136": 26, "74": 48, "11": 48, "851": 18, "280": 32, "635": 141, "344": 45, "921": 49, "751": 74, "550": 107, "957": 42, "192": 39, "163": 10, "964": 66, "684": 23, "118": 60, "152": 30, "250": 23, "829": 23, "319": 83, "209": 25, "685": 62, "708": 31, "991": 61, "643": 143, "172": 32, "580": 43, "562": 115, "666": 49, "93": 7, "87": 20, "953": 109, "830": 6, "19": 47, "69": 26, "753": 25, "917": 3, "587": 29, "980": 37, "104": 34, "360": 54, "686": 16, "367": 30, "519": 105, "357": 14, "423": 19, "584": 14, "605": 28, "748": 45, "586": 39, "877": 11, "230": 71, "958": 11, "707": 10, "171": 52, "690": 110, "791": 16, "986": 40, "606": 17, "974": 19, "481": 22, "941": 16, "381": 21, "906": 39, "407": 34, "427": 33, "567": 33, "426": 21, "761": 4, "653": 12, "703": 12, "849": 9, "112": 41, "191": 41, "354": 5, "527": 5, "797": 5, "222": 5, "451": 9, "517": 18, "549": 9, "72": 9, "647": 9, "807": 9, "307": 2, "534": 2, "472": 9, "506": 18, "30": 9, "899": 5, "415": 5, "289": 15, "247": 15, "608": 16, "848": 16, "852": 16, "913": 28, "648": 23, "492": 7, "241": 7, "91": 11, "621": 22, "180": 9, "213": 12, "86": 1, "654": 6, "840": 8, "722": 6, "813": 6, "766": 12, "854": 2, "369": 6, "822": 5, "431": 8, "283": 7, "699": 8, "94": 7, "600": 2, "333": 2, "801": 6, "500": 3, "652": 1, "17": 1}